-0.00053 0.03437 -0.00503 0.00385 -0.00355 0.01645 0.00351 0.00615 -0.00046 0.02123 0.00550 0.00494 0.02481 0.01527 -0.00538 0.01573 -0.15204 -0.02879 -0.00959 -0.00446 -0.00925 0.01023 -0.00655 -0.00071 0.25435 0.00897 -0.00417 0.00106 0.00025 -0.01224 0.00585 -0.00105 0.01098 -0.01183 0.00926 0.02314 0.01235
0.36375 0.00070 -0.00130 0.00979 0.01517 -0.00642 0.00340 0.00840 0.01103 -0.00914 0.00296 0.00299 -0.00109 0.00294 -0.00020 0.00540 -0.04862 -0.01580 0.00057 0.00470 -0.00078 0.00005 -0.00050 0.00319 0.05829 0.03436 -0.01058 0.00085 -0.01381 0.00780 0.00415 0.00383 0.00452 0.00138 0.01162 0.01894 -0.00165
-0.11464 -0.03826 0.00000 0.01482 0.04235 0.10101 -0.05345 -0.05502 -0.03676 -0.02408 -0.00427 -0.01495 -0.00915 -0.04206 0.00714 -0.03418 -0.07272 0.01369 0.05993 0.03149 0.06388 -0.01824 0.03511 0.02288 -0.07862 -0.27529 0.02569 0.04075 -0.01820 0.02830 0.01081 0.00797 -0.02992 -0.02387 -0.04497 -0.08376 -0.00386
0.00522 0.00442 0.00415 0.00008 0.00623 -0.00802 -0.06007 -0.01982 -0.02084 0.00460 -0.00282 0.00647 0.00295 0.02368 -0.01178 0.00184 0.00490 0.00365 -0.00735 0.00674 -0.00533 0.00523 0.00087 0.00353 0.00541 0.00841 -0.01525 -0.00140 -0.01834 0.00409 0.01013 -0.00650 0.01369 -0.02752 -0.00240 -0.00326 -0.00253
-0.00387 0.00531 0.00480 0.00303 0.00014 0.09444 0.03146 0.00963 0.00496 0.00907 0.00329 0.00962 0.00852 0.01359 0.00013 0.00379 0.02244 0.01692 -0.00251 -0.00756 -0.00574 0.00406 -0.00686 0.00420 -0.00155 -0.02684 -0.00873 0.00013 0.06226 -0.00149 0.00920 0.00231 0.00831 -0.00367 0.00596 0.01983 0.00531
0.00069 0.00230 0.00996 0.00484 0.19946 -0.00060 0.12683 0.08899 0.07129 -0.00352 0.00777 0.00406 -0.00326 0.01548 0.00411 0.00446 0.05147 0.03089 -0.00892 -0.00618 -0.00674 0.01139 -0.00804 -0.00663 -0.01397 -0.02087 0.06314 -0.00081 0.05615 -0.00942 0.00404 -0.00367 0.00637 0.00798 0.01083 0.01711 0.00381
0.01292 0.00910 -0.00135 -0.00371 0.06909 0.07491 -0.00147 0.11779 0.08487 0.05371 0.00284 0.01908 0.01675 0.05147 0.00742 0.02847 0.00176 -0.01044 -0.00213 -0.01657 -0.00155 0.01745 -0.00757 -0.00657 -0.00254 0.03704 0.19332 0.00685 0.48405 -0.00138 0.01470 -0.00243 0.02801 0.01771 0.03479 0.06144 0.01880
0.01263 0.00594 -0.00053 -0.00784 0.01510 0.05409 0.12804 -0.00033 0.42912 0.01445 -0.00055 0.01114 0.00354 0.01910 0.00780 0.01928 -0.01405 -0.00575 -0.00438 -0.00349 -0.00360 0.01069 -0.00599 -0.00547 0.00785 0.01973 0.09498 -0.00194 0.14206 0.01145 0.00479 0.00513 0.00825 -0.00521 0.02250 0.04395 0.00843
-0.00493 0.01337 -0.00013 0.01193 0.01039 0.06294 0.17351 0.06917 -0.00089 0.03604 0.00979 0.01147 0.00906 0.03341 0.00160 0.01550 0.00555 -0.01093 -0.00626 -0.01078 -0.00620 0.01052 -0.00557 -0.00784 -0.00100 0.00810 0.14598 -0.00349 0.27546 0.02515 0.00217 -0.00061 0.01943 0.01556 0.00323 0.03522 0.00853
0.03828 0.00720 0.01092 0.01491 0.03325 0.00374 0.02629 0.02206 0.02171 0.00022 0.01617 0.02006 0.04614 0.02594 0.00148 0.04321 0.00508 -0.01341 -0.01341 0.00009 -0.00512 0.02307 -0.01169 -0.00461 0.01263 0.03625 -0.01447 -0.00793 -0.01149 -0.01197 0.02294 0.00886 0.02949 -0.00049 0.02368 0.05976 0.00318
0.02763 0.02085 0.00956 0.01553 0.02605 0.03961 0.00614 0.00775 0.02208 0.04260 -0.00005 -0.04512 0.04201 0.02748 0.15028 0.03902 0.02737 0.00427 0.00052 -0.00170 0.02797 0.01450 0.00634 0.00636 0.02910 0.04853 -0.00460 -0.01057 0.02042 0.00255 -0.10680 0.03446 0.02997 0.31564 0.13996 0.02627 0.02786
0.07195 0.05721 0.02799 0.09976 0.13465 0.05577 0.05582 0.06082 0.05171 0.15729 -0.07960 -0.00001 0.05301 0.12369 0.11235 0.11869 0.04067 0.01130 -0.01029 0.01411 -0.01414 0.08539 -0.01095 0.00301 0.07900 0.13027 0.01030 -0.00263 0.02864 0.00575 0.03862 -0.13021 0.08886 0.21643 0.14376 0.12748 0.05727
0.00925 0.00186 -0.00005 0.00153 0.00684 0.00185 0.00290 0.00143 0.00528 0.01610 0.00376 0.00466 -0.00018 0.02757 -0.00893 -0.02298 -0.00173 0.00235 0.00026 0.00242 -0.00054 -0.01195 0.01342 -0.02596 0.00093 0.00125 -0.00236 -0.00027 0.00308 0.00039 0.01586 0.00205 0.01134 -0.00230 0.07143 -0.09787 -0.02713
0.01601 0.00921 0.00366 0.03087 0.02408 0.01319 0.01622 0.01154 0.01456 0.01191 0.01010 0.01102 0.03684 -0.00020 0.10665 0.05249 0.00903 -0.00301 -0.00579 -0.00006 -0.00702 -0.03287 -0.00673 -0.01116 0.01437 0.02824 -0.00058 -0.00292 0.00080 -0.00555 0.02980 0.02529 -0.02246 0.14741 0.08966 0.01840 0.02009
-0.00845 -0.00326 0.00228 -0.01498 -0.00801 0.00017 -0.00448 -0.00396 -0.00301 -0.01373 0.02718 0.00560 -0.05446 0.05373 0.00030 0.06887 -0.00585 0.00120 -0.00237 -0.00467 -0.00212 0.02880 0.00466 -0.04069 0.00252 -0.01342 -0.00599 0.00149 0.00226 0.00835 -0.01055 0.06352 -0.01712 0.12033 0.26375 -0.11436 0.00643
0.02431 0.02339 0.00797 0.02586 0.02371 0.01827 0.03152 0.02647 0.02165 0.05082 0.02130 0.02196 0.00051 0.07766 0.13799 -0.00045 0.01502 -0.00864 -0.00988 -0.00460 -0.01295 0.02704 -0.01237 0.06461 0.01515 0.05215 -0.00462 -0.01274 0.01194 -0.01157 0.01066 0.06571 0.02983 0.13257 0.15031 -0.06236 0.83572
-0.14337 -0.32890 -0.02676 0.04768 0.10786 0.13726 -0.03182 -0.03811 -0.01263 0.03187 0.02024 0.02275 -0.01891 0.05817 -0.01566 0.02107 -0.00081 -0.05955 0.03463 0.03615 0.03428 0.02366 0.03721 0.02168 -1.10514 -0.13095 0.00643 0.03339 -0.00987 0.02906 0.04175 0.02310 0.01803 -0.03640 -0.00184 -0.03644 0.00523
-0.15131 -0.06300 0.73845 0.03614 0.09475 0.19698 -0.06278 -0.04893 -0.04544 -0.03042 -0.00989 -0.01163 -0.01962 -0.01441 -0.02796 -0.02702 -0.08726 0.00205 0.03898 0.02993 0.03633 -0.02305 0.03575 0.02302 -0.12906 -0.40825 0.02452 0.03443 -0.01774 0.02392 -0.00109 0.01893 -0.00979 -0.01497 -0.04167 -0.09067 0.00465
-0.11220 -0.02758 -0.00482 -0.13430 -0.06406 -0.17826 -0.20008 -0.21861 -0.17619 -0.27158 -0.06305 -0.15061 -0.12832 -0.29463 -0.05038 -0.29235 0.01010 0.09239 -0.00005 0.10782 0.08382 -0.22097 0.12005 0.08587 0.00806 -0.20968 0.07645 0.10189 -0.02787 0.08871 -0.08922 0.01182 -0.19323 -0.04673 -0.24235 -0.44115 -0.10757
-0.02457 0.00065 -0.00623 0.00917 -0.06990 -0.03360 -0.05449 -0.03247 -0.02758 -0.02217 -0.02232 -0.01899 -0.00266 -0.02778 -0.02542 -0.04119 0.00743 0.02855 0.03650 0.00046 0.03545 -0.02491 0.03126 0.01566 0.02755 -0.03764 0.01850 0.02946 -0.00086 0.02187 -0.01546 -0.00588 -0.01185 0.00145 -0.04078 -0.08711 -0.00905
-0.04431 -0.00556 0.01364 0.00476 -0.08777 -0.09718 -0.14288 -0.17425 -0.13892 -0.85905 0.00115 -0.11333 -0.08688 -0.16766 -0.05994 -0.21339 0.05355 0.10904 0.11012 0.11667 -0.00003 -0.22373 0.10832 0.08003 0.05350 -0.12994 0.14892 0.10382 -0.01086 0.09178 -0.37718 -0.00496 -0.17857 -0.00141 -0.17085 -0.34102 -0.07521
0.09051 0.05045 0.02968 0.08631 0.10234 0.09088 0.03637 0.04685 0.04153 0.19075 0.02582 0.06287 -0.06109 -0.07769 0.19570 0.13351 0.05182 0.00223 -0.01096 0.00481 -0.01095 -0.00005 -0.01265 -0.00050 0.07305 0.14495 0.00902 -0.01104 0.03206 -0.00054 -0.14935 0.07391 0.20561 0.01004 -0.05516 0.15010 0.06113
-0.06598 -0.02329 -0.01530 -0.00240 -0.06691 -0.08508 -0.10721 -0.11272 -0.07795 -0.14067 -0.02007 -0.09152 0.40345 -0.16403 0.04489 -0.23692 0.02771 0.05107 0.05597 0.05173 0.05974 -0.10842 0.00179 0.08604 0.00775 -0.09933 0.07774 0.06577 0.00199 0.06000 -0.04498 0.05034 -0.10476 0.03231 -0.04133 -0.13070 -0.07985
-0.05244 -0.02535 -0.00920 -0.00745 -0.06023 -0.06911 -0.06774 -0.07981 -0.05943 -0.09257 -0.02396 -0.04864 -0.06413 -0.12477 -0.13396 0.03738 0.00991 0.03853 0.04971 0.02959 0.04987 -0.06360 0.04553 -0.00006 -0.00547 -0.05424 0.04867 0.03843 -0.00131 0.03375 -0.01631 -0.03651 -0.03959 -0.11020 -0.21061 1.28246 -0.07079
0.16669 0.68980 -0.00522 0.00288 -0.01137 -0.02727 -0.01157 -0.00190 -0.00994 0.00383 0.00345 0.00611 -0.00997 0.01439 0.01278 -0.01272 -0.01577 -0.01680 0.01006 0.01906 0.01141 0.00660 0.01001 0.00619 -0.00221 0.04561 0.01452 0.00791 0.01157 0.00903 0.00795 0.00412 -0.00179 -0.01002 -0.00722 -0.02525 -0.00852
0.04723 0.02635 -0.00542 0.02665 -0.04516 -0.01779 0.02696 0.01973 0.01021 0.03512 0.01932 0.02018 0.00968 0.05580 -0.00485 0.04898 -0.09262 -0.02405 -0.01129 -0.00377 -0.01656 0.02356 -0.00620 0.00518 0.06222 0.00037 -0.00530 -0.00414 0.00868 -0.00724 0.02147 0.01665 0.02922 -0.01299 0.02603 0.04142 0.01535
-0.01418 -0.00990 0.00543 -1.16702 -0.22942 0.08683 0.10211 0.07340 0.05880 -0.02459 -0.02670 -0.01089 -0.02630 0.01708 -0.05653 -0.04240 0.01438 0.03872 0.02193 0.02078 0.02163 -0.01640 0.02870 0.02362 0.00636 -0.02631 0.00007 0.00498 0.84504 -0.00019 0.01243 -0.01220 -0.00070 -0.08584 -0.04498 -0.07323 -0.02334
-0.03571 -0.02131 -0.00444 0.01088 -0.10071 -0.16303 1.24687 -0.21588 -0.18048 -0.12278 -0.04414 -0.07174 -0.09402 -0.12724 -0.02539 -0.14590 0.02071 0.05986 0.05964 0.06042 0.05944 -0.09040 0.06701 0.03388 0.01286 -0.10100 -0.16243 0.00064 -0.56839 0.06081 -0.05834 0.01488 -0.09365 -0.02630 -0.14736 -0.21418 -0.04166
-0.00378 -0.01071 -0.00961 -0.02564 0.05613 0.55289 0.06017 0.16672 0.06718 -0.03443 -0.00367 -0.01307 -0.00472 -0.03296 -0.00529 -0.00977 -0.04053 -0.02484 -0.00130 0.00404 0.00352 -0.01738 0.00576 0.00321 0.01126 0.00657 0.01955 -0.00022 0.00040 -0.00066 -0.00777 -0.00549 -0.01361 -0.00292 -0.03616 -0.05269 -0.00829
-0.05343 -0.01584 -0.00419 0.01978 -0.05205 -0.21011 -0.39164 1.14204 0.74715 -0.10962 -0.02759 -0.04942 -0.04557 -0.10764 0.00124 -0.10065 0.01610 0.04262 0.05323 0.03230 0.05315 -0.05993 0.05356 0.03102 0.00778 -0.07309 -0.28375 0.04398 -0.52429 0.00035 -0.01283 0.00238 -0.06817 -0.01030 -0.09460 -0.17984 -0.03715
0.06779 0.05337 0.03101 0.10948 0.10935 0.04845 0.03583 0.02223 0.01968 0.20940 -0.08192 0.02673 0.12659 0.18870 0.00335 0.05055 0.05672 0.01637 -0.00296 0.00646 -0.00915 -0.15841 0.00352 0.03159 0.07807 0.11945 0.02804 -0.00579 0.02962 0.01454 0.00005 -0.06062 -0.02169 0.23215 0.19181 0.16313 0.05252
-0.00816 0.00151 0.00115 0.00707 0.01200 -0.02991 -0.01748 -0.00366 -0.01993 0.00683 0.61934 -0.07369 -0.01258 -0.08115 0.28308 0.05088 0.01472 0.01881 0.02244 0.00441 0.00242 0.04234 0.02466 -0.02038 0.00412 0.01642 0.01719 0.02646 -0.01118 0.01261 -0.03009 -0.00032 0.04703 0.75654 0.12585 -0.06641 0.01631
0.05398 0.03062 0.00953 0.08248 0.06682 0.03273 0.04780 0.02604 0.03424 0.08118 0.03497 0.03525 0.08739 -0.74588 0.02050 0.09353 0.01276 -0.00863 -0.01341 0.00968 -0.01672 0.04424 -0.01299 0.00919 0.03462 0.08410 0.00241 -0.00885 0.01043 -0.01369 -0.02709 0.06120 0.00028 0.02775 0.21826 0.11085 0.03197
-0.02425 -0.01019 -0.00870 -0.04011 -0.01842 -0.00642 -0.00668 -0.01515 -0.00165 -0.01995 0.02245 0.01216 -0.02987 0.08799 0.47366 0.03934 -0.01241 -0.00375 -0.00219 0.00413 -0.00043 -0.02423 0.00152 -0.03330 -0.01852 -0.02633 -0.01729 -0.00018 -0.00304 -0.00137 0.03508 0.02486 -0.01699 0.00004 0.12956 -0.09960 -0.02422
0.00772 0.00569 0.00445 0.00243 0.00442 0.01080 0.00656 0.01094 -0.00234 0.00955 0.01416 0.00913 0.22665 0.54855 0.17916 0.06524 0.00115 -0.00689 -0.00943 -0.00618 -0.01224 -0.00279 0.00113 -0.01223 -0.00461 0.01156 -0.00768 -0.01037 -0.00719 -0.01041 0.02210 0.09481 0.04370 0.41381 -0.00068 0.07371 0.03778
0.02298 0.01359 0.00471 0.00149 0.04020 0.01771 0.02665 0.02874 0.02190 0.03134 0.00624 0.01431 -0.18046 0.02233 -0.09393 0.06296 -0.00593 -0.01205 -0.00616 -0.00888 -0.01036 0.01471 -0.00529 0.01037 -0.00073 0.02459 -0.01171 -0.00948 -0.00641 -0.00829 0.01358 -0.04191 0.02709 -0.09319 -0.00037 -0.00027 0.04566
0.00391 -0.01313 0.00408 -0.01551 -0.01178 -0.01121 -0.00884 -0.01271 -0.00858 -0.02304 0.00841 0.00227 -0.06543 0.03130 0.08904 0.03397 -0.00011 0.00249 -0.01282 0.00396 -0.01373 0.00777 -0.01583 0.00042 -0.01564 -0.00209 -0.00655 -0.00406 -0.00339 -0.00278 -0.00381 0.04030 -0.00082 0.04316 0.10558 0.49667 -0.00022
