0.00000 0.00000 0.00000 0.00000 0.00000 0.00000 0.00000 0.00000 0.00000 0.00000
0.00000 0.00000 0.00000 0.00000 0.00000 0.00000 0.00000 1.69310 0.00000 0.00000
0.00000 0.00000 0.00000 0.00000 0.00000 0.00000 0.00000 0.00000 0.00000 1.93305
0.00000 0.00000 0.00000 0.00000 0.00000 0.00000 0.00000 0.00000 0.00000 0.00000
0.00000 0.00000 0.00000 0.00000 0.00000 0.00000 0.00000 0.00000 0.00000 0.00000
0.00000 0.00000 0.00000 0.00000 1.51738 0.00000 0.74880 -0.96761 0.00000 0.00000
-0.98430 0.00000 0.00000 0.00000 0.00000 0.00000 0.00000 1.65999 0.00000 -1.85819
0.00000 0.00000 0.00000 0.00000 1.50408 0.00000 0.00000 0.00000 0.00000 1.85838
0.00000 -1.10627 0.00000 0.00000 -1.44658 1.87406 0.00000 0.00000 0.00000 0.00000
0.00000 0.00000 0.00000 0.00000 0.00000 0.00000 0.00000 0.00000 0.00000 0.00000
